{
  "totals": {
    "White": 1104,
    "Yellow": 2103,
    "Orange": 2596,
    "Green": 1615,
    "Blue": 857,
    "Purple": 536,
    "Brown": 394,
    "Red": 315,
    "Black": 304
  },
  "chords": [
    [
      430,
      533,
      119,
      13,
      4,
      3,
      1,
      1,
      0
    ],
    [
      533,
      749,
      728,
      82,
      9,
      1,
      0,
      1,
      0
    ],
    [
      119,
      728,
      1204,
      512,
      28,
      3,
      0,
      0,
      2
    ],
    [
      13,
      82,
      512,
      609,
      337,
      41,
      10,
      7,
      4
    ],
    [
      4,
      9,
      28,
      337,
      243,
      194,
      27,
      6,
      9
    ],
    [
      3,
      1,
      3,
      41,
      194,
      123,
      146,
      15,
      10
    ],
    [
      1,
      0,
      0,
      10,
      27,
      146,
      81,
      117,
      12
    ],
    [
      1,
      1,
      0,
      7,
      6,
      15,
      117,
      70,
      98
    ],
    [
      0,
      0,
      2,
      4,
      9,
      10,
      12,
      98,
      169
    ]
  ]
}
